{
 "cells": [
  {
   "cell_type": "code",
   "execution_count": 1,
   "metadata": {},
   "outputs": [
    {
     "name": "stderr",
     "output_type": "stream",
     "text": [
      "/usr/local/anaconda3/lib/python3.7/site-packages/sklearn/externals/joblib/__init__.py:15: DeprecationWarning: sklearn.externals.joblib is deprecated in 0.21 and will be removed in 0.23. Please import this functionality directly from joblib, which can be installed with: pip install joblib. If this warning is raised when loading pickled models, you may need to re-serialize those models with scikit-learn 0.21+.\n",
      "  warnings.warn(msg, category=DeprecationWarning)\n"
     ]
    }
   ],
   "source": [
    "import numpy as np\n",
    "import numba as nb\n",
    "import os\n",
    "import cv2\n",
    "import pickle\n",
    "import time\n",
    "from math import floor\n",
    "from Functions import *\n",
    "from multiprocessing import Pool\n",
    "import numba as nb\n",
    "import warnings"
   ]
  },
  {
   "cell_type": "code",
   "execution_count": 2,
   "metadata": {},
   "outputs": [],
   "source": [
    "trainPath = 'trainingData'\n",
    "\n",
    "R = 2                           # Upscaling factor=2\n",
    "patchSize = 11                  # Pacth Size=11\n",
    "gradientSize = 9                # Gradient Size = 9\n",
    "Qangle = 24                     # Quantization factor of angle =24\n",
    "Qstrength = 3                   # Quantization factor of strength =3\n",
    "Qcoherence = 3                  # Quantization factor of coherence =3\n",
    "stre = np.zeros((Qstrength-1))  # Strength boundary\n",
    "cohe = np.zeros((Qcoherence-1)) # Coherence boundary\n",
    "\n",
    "Q = np.zeros((R*R, Qangle*Qstrength*Qcoherence, patchSize*patchSize, patchSize*patchSize))  # Eq.4\n",
    "V = np.zeros((R*R, Qangle*Qstrength*Qcoherence, patchSize*patchSize))                       # Eq.5\n",
    "h = np.zeros((R*R, Qangle*Qstrength*Qcoherence, patchSize*patchSize))\n",
    "mark = np.zeros((R*R, Qangle*Qstrength*Qcoherence))                  # statical distribution of patch numbers in each bucket\n",
    "w = Gaussian2d([patchSize, patchSize], 2)\n",
    "w = w/w.max()\n",
    "w = np.diag(w.ravel())                                               # Diagnal weighting matrix Wk in Algorithm 1\n",
    "\n",
    "filelist = make_dataset(trainPath)\n",
    "\n",
    "instance = 20000000                          # use 20000000 patches to get the Strength and coherence boundary\n",
    "\n",
    "patchNumber = 0                              # patch number has been used\n",
    "quantization = np.zeros((instance,2))        # quantization boundary"
   ]
  },
  {
   "cell_type": "code",
   "execution_count": 3,
   "metadata": {},
   "outputs": [
    {
     "name": "stdout",
     "output_type": "stream",
     "text": [
      " Quantization: Processing 10000000.0 patches (0.0%)\n"
     ]
    },
    {
     "name": "stderr",
     "output_type": "stream",
     "text": [
      "/usr/local/anaconda3/lib/python3.7/site-packages/numba/compiler.py:588: NumbaPerformanceWarning: \u001b[1m\n",
      "The keyword argument 'parallel=True' was specified but no transformation for parallel execution was possible.\n",
      "\n",
      "To find out why, try turning on parallel diagnostics, see http://numba.pydata.org/numba-doc/latest/user/parallel.html#diagnostics for help.\n",
      "\u001b[1m\n",
      "File \"Functions.py\", line 130:\u001b[0m\n",
      "\u001b[1m@nb.jit(nopython=True, parallel=True)\n",
      "\u001b[1mdef Grad(patchX,patchY,weight):\n",
      "\u001b[0m\u001b[1m^\u001b[0m\u001b[0m\n",
      "\u001b[0m\n",
      "  self.func_ir.loc))\n"
     ]
    },
    {
     "name": "stdout",
     "output_type": "stream",
     "text": [
      " Quantization: Processing 10000000.0 patches (1.4617%)\n",
      " Quantization: Processing 10000000.0 patches (2.9234%)\n",
      " Quantization: Processing 10000000.0 patches (4.3851%)\n",
      " Quantization: Processing 10000000.0 patches (5.8468%)\n",
      " Quantization: Processing 10000000.0 patches (7.3085%)\n",
      " Quantization: Processing 10000000.0 patches (8.7702%)\n",
      " Quantization: Processing 10000000.0 patches (10.2319%)\n",
      " Quantization: Processing 10000000.0 patches (11.6936%)\n",
      " Quantization: Processing 10000000.0 patches (13.1553%)\n",
      " Quantization: Processing 10000000.0 patches (14.617%)\n",
      " Quantization: Processing 10000000.0 patches (16.0787%)\n",
      " Quantization: Processing 10000000.0 patches (17.5404%)\n",
      " Quantization: Processing 10000000.0 patches (19.0021%)\n",
      " Quantization: Processing 10000000.0 patches (20.4638%)\n",
      " Quantization: Processing 10000000.0 patches (21.9255%)\n",
      " Quantization: Processing 10000000.0 patches (23.3872%)\n",
      " Quantization: Processing 10000000.0 patches (24.8489%)\n",
      " Quantization: Processing 10000000.0 patches (26.3106%)\n",
      " Quantization: Processing 10000000.0 patches (27.7723%)\n",
      " Quantization: Processing 10000000.0 patches (29.234%)\n",
      " Quantization: Processing 10000000.0 patches (30.6957%)\n",
      " Quantization: Processing 10000000.0 patches (32.1574%)\n",
      " Quantization: Processing 10000000.0 patches (33.6191%)\n",
      " Quantization: Processing 10000000.0 patches (35.0808%)\n",
      " Quantization: Processing 10000000.0 patches (36.5425%)\n",
      " Quantization: Processing 10000000.0 patches (38.0042%)\n",
      " Quantization: Processing 10000000.0 patches (39.4659%)\n",
      " Quantization: Processing 10000000.0 patches (40.9276%)\n",
      " Quantization: Processing 10000000.0 patches (42.3893%)\n",
      " Quantization: Processing 10000000.0 patches (43.851%)\n",
      " Quantization: Processing 10000000.0 patches (45.3127%)\n",
      " Quantization: Processing 10000000.0 patches (46.7744%)\n",
      " Quantization: Processing 10000000.0 patches (48.2361%)\n",
      " Quantization: Processing 10000000.0 patches (49.6978%)\n",
      " Quantization: Processing 10000000.0 patches (51.1595%)\n",
      " Quantization: Processing 10000000.0 patches (52.6212%)\n",
      " Quantization: Processing 10000000.0 patches (54.0829%)\n",
      " Quantization: Processing 10000000.0 patches (55.5446%)\n",
      " Quantization: Processing 10000000.0 patches (57.0063%)\n",
      " Quantization: Processing 10000000.0 patches (58.468%)\n",
      " Quantization: Processing 10000000.0 patches (59.9297%)\n",
      " Quantization: Processing 10000000.0 patches (61.3914%)\n",
      " Quantization: Processing 10000000.0 patches (62.8531%)\n",
      " Quantization: Processing 10000000.0 patches (64.3148%)\n",
      " Quantization: Processing 10000000.0 patches (65.7765%)\n",
      " Quantization: Processing 10000000.0 patches (67.2382%)\n",
      " Quantization: Processing 10000000.0 patches (68.6999%)\n",
      " Quantization: Processing 10000000.0 patches (70.1616%)\n",
      " Quantization: Processing 10000000.0 patches (71.6233%)\n",
      " Quantization: Processing 10000000.0 patches (73.085%)\n",
      " Quantization: Processing 10000000.0 patches (74.5467%)\n",
      " Quantization: Processing 10000000.0 patches (76.0084%)\n",
      " Quantization: Processing 10000000.0 patches (77.4701%)\n",
      " Quantization: Processing 10000000.0 patches (78.9318%)\n",
      " Quantization: Processing 10000000.0 patches (80.3935%)\n",
      " Quantization: Processing 10000000.0 patches (81.8552%)\n",
      " Quantization: Processing 10000000.0 patches (83.3169%)\n",
      " Quantization: Processing 10000000.0 patches (84.7786%)\n",
      " Quantization: Processing 10000000.0 patches (86.2403%)\n",
      " Quantization: Processing 10000000.0 patches (87.702%)\n",
      " Quantization: Processing 10000000.0 patches (89.1637%)\n",
      " Quantization: Processing 10000000.0 patches (90.6254%)\n",
      " Quantization: Processing 10000000.0 patches (92.0871%)\n",
      " Quantization: Processing 10000000.0 patches (93.5488%)\n",
      " Quantization: Processing 10000000.0 patches (95.0105%)\n",
      " Quantization: Processing 10000000.0 patches (96.4722%)\n",
      " Quantization: Processing 10000000.0 patches (97.9339%)\n",
      " Quantization: Processing 10000000.0 patches (99.3956%)\n",
      " done\n"
     ]
    }
   ],
   "source": [
    "for image in filelist:\n",
    "    print('\\r', end='')\n",
    "    print('' * 60, end='')\n",
    "    print('\\r Quantization: Processing '+ str(instance/2) + ' patches (' + str(200*patchNumber/instance) + '%)')\n",
    "    im_uint8 = cv2.imread(image)\n",
    "    if is_greyimage(im_uint8):\n",
    "        im_uint8 = im_uint8[:,:,0]\n",
    "    if len(im_uint8.shape)>2:\n",
    "        im_ycbcr = BGR2YCbCr(im_uint8)\n",
    "        im = im_ycbcr[:,:,0]\n",
    "    else:\n",
    "        im = im_uint8\n",
    "    im = modcrop(im,R)\n",
    "    im_LR = Prepare(im,patchSize,R)         # Prepare the cheap-upscaling images (optional: JPEG compression)\n",
    "    im_GX,im_GY = np.gradient(im_LR)        # Calculate the gradient images\n",
    "    quantization, patchNumber = QuantizationProcess (im_GX, im_GY,patchSize, patchNumber, w, quantization)  # get the strength and coherence of each patch\n",
    "    if (patchNumber > instance/2):\n",
    "        break\n",
    "print('\\r done')"
   ]
  },
  {
   "cell_type": "code",
   "execution_count": 4,
   "metadata": {},
   "outputs": [],
   "source": [
    "# uniform quantization of patches, get the optimized strength and coherence boundaries\n",
    "quantization = quantization [0:patchNumber,:]\n",
    "quantization = np.sort(quantization,axis=0)\n",
    "for i in range(Qstrength-1):\n",
    "    stre[i] = quantization[floor((i+1)*patchNumber/Qstrength),0]\n",
    "for i in range(Qcoherence-1):\n",
    "    cohe[i] = quantization[floor((i+1)*patchNumber/Qcoherence),1]"
   ]
  },
  {
   "cell_type": "code",
   "execution_count": null,
   "metadata": {},
   "outputs": [],
   "source": []
  },
  {
   "cell_type": "code",
   "execution_count": 5,
   "metadata": {},
   "outputs": [
    {
     "name": "stdout",
     "output_type": "stream",
     "text": [
      "Begin to process images:\n",
      " Processing 1/200 image (trainingData/157036.jpg)\n"
     ]
    },
    {
     "name": "stderr",
     "output_type": "stream",
     "text": [
      "/usr/local/anaconda3/lib/python3.7/site-packages/numba/compiler.py:588: NumbaPerformanceWarning: \u001b[1m\n",
      "The keyword argument 'parallel=True' was specified but no transformation for parallel execution was possible.\n",
      "\n",
      "To find out why, try turning on parallel diagnostics, see http://numba.pydata.org/numba-doc/latest/user/parallel.html#diagnostics for help.\n",
      "\u001b[1m\n",
      "File \"Functions.py\", line 145:\u001b[0m\n",
      "\u001b[1m@nb.jit(nopython=True, parallel=True)\n",
      "\u001b[1mdef HashTable(patchX,patchY,weight, Qangle,Qstrength,Qcoherence,stre,cohe):\n",
      "\u001b[0m\u001b[1m^\u001b[0m\u001b[0m\n",
      "\u001b[0m\n",
      "  self.func_ir.loc))\n"
     ]
    },
    {
     "name": "stdout",
     "output_type": "stream",
     "text": [
      " Processing 2/200 image (trainingData/187029.jpg)\n",
      " Processing 3/200 image (trainingData/71046.jpg)\n",
      " Processing 4/200 image (trainingData/299091.jpg)\n",
      " Processing 5/200 image (trainingData/242078.jpg)\n",
      " Processing 6/200 image (trainingData/232038.jpg)\n",
      " Processing 7/200 image (trainingData/173036.jpg)\n",
      " Processing 8/200 image (trainingData/198054.jpg)\n",
      " Processing 9/200 image (trainingData/388016.jpg)\n",
      " Processing 10/200 image (trainingData/292066.jpg)\n",
      " Processing 11/200 image (trainingData/189011.jpg)\n",
      " Processing 12/200 image (trainingData/59078.jpg)\n",
      " Processing 13/200 image (trainingData/108041.jpg)\n",
      " Processing 14/200 image (trainingData/66075.jpg)\n",
      " Processing 15/200 image (trainingData/20008.jpg)\n",
      " Processing 16/200 image (trainingData/370036.jpg)\n",
      " Processing 17/200 image (trainingData/41025.jpg)\n",
      " Processing 18/200 image (trainingData/207056.jpg)\n",
      " Processing 19/200 image (trainingData/314016.jpg)\n",
      " Processing 20/200 image (trainingData/188091.jpg)\n",
      " Processing 21/200 image (trainingData/56028.jpg)\n",
      " Processing 22/200 image (trainingData/134008.jpg)\n",
      " Processing 23/200 image (trainingData/153093.jpg)\n",
      " Processing 24/200 image (trainingData/54005.jpg)\n",
      " Processing 25/200 image (trainingData/65019.jpg)\n",
      " Processing 26/200 image (trainingData/176039.jpg)\n",
      " Processing 27/200 image (trainingData/187003.jpg)\n",
      " Processing 28/200 image (trainingData/61086.jpg)\n",
      " Processing 29/200 image (trainingData/147021.jpg)\n",
      " Processing 30/200 image (trainingData/353013.jpg)\n",
      " Processing 31/200 image (trainingData/317080.jpg)\n",
      " Processing 32/200 image (trainingData/28096.jpg)\n",
      " Processing 33/200 image (trainingData/35010.jpg)\n",
      " Processing 34/200 image (trainingData/151087.jpg)\n",
      " Processing 35/200 image (trainingData/254033.jpg)\n",
      " Processing 36/200 image (trainingData/189003.jpg)\n",
      " Processing 37/200 image (trainingData/144067.jpg)\n",
      " Processing 38/200 image (trainingData/33066.jpg)\n",
      " Processing 39/200 image (trainingData/138032.jpg)\n",
      " Processing 40/200 image (trainingData/15088.jpg)\n",
      " Processing 41/200 image (trainingData/249061.jpg)\n",
      " Processing 42/200 image (trainingData/68077.jpg)\n",
      " Processing 43/200 image (trainingData/368078.jpg)\n",
      " Processing 44/200 image (trainingData/187039.jpg)\n",
      " Processing 45/200 image (trainingData/87065.jpg)\n",
      " Processing 46/200 image (trainingData/216066.jpg)\n",
      " Processing 47/200 image (trainingData/43083.jpg)\n",
      " Processing 48/200 image (trainingData/372047.jpg)\n",
      " Processing 49/200 image (trainingData/227046.jpg)\n",
      " Processing 50/200 image (trainingData/15004.jpg)\n",
      " Processing 51/200 image (trainingData/236017.jpg)\n",
      " Processing 52/200 image (trainingData/310007.jpg)\n",
      " Processing 53/200 image (trainingData/198023.jpg)\n",
      " Processing 54/200 image (trainingData/22093.jpg)\n",
      " Processing 55/200 image (trainingData/106025.jpg)\n",
      " Processing 56/200 image (trainingData/202012.jpg)\n",
      " Processing 57/200 image (trainingData/159045.jpg)\n",
      " Processing 58/200 image (trainingData/376020.jpg)\n",
      " Processing 59/200 image (trainingData/124084.jpg)\n",
      " Processing 60/200 image (trainingData/254054.jpg)\n",
      " Processing 61/200 image (trainingData/25098.jpg)\n",
      " Processing 62/200 image (trainingData/8049.jpg)\n",
      " Processing 63/200 image (trainingData/104022.jpg)\n",
      " Processing 64/200 image (trainingData/238011.jpg)\n",
      " Processing 65/200 image (trainingData/285036.jpg)\n",
      " Processing 66/200 image (trainingData/65132.jpg)\n",
      " Processing 67/200 image (trainingData/326038.jpg)\n",
      " Processing 68/200 image (trainingData/22090.jpg)\n",
      " Processing 69/200 image (trainingData/159091.jpg)\n",
      " Processing 70/200 image (trainingData/76002.jpg)\n",
      " Processing 71/200 image (trainingData/227040.jpg)\n",
      " Processing 72/200 image (trainingData/145053.jpg)\n",
      " Processing 73/200 image (trainingData/374020.jpg)\n",
      " Processing 74/200 image (trainingData/46076.jpg)\n",
      " Processing 75/200 image (trainingData/100080.jpg)\n",
      " Processing 76/200 image (trainingData/113016.jpg)\n",
      " Processing 77/200 image (trainingData/134052.jpg)\n",
      " Processing 78/200 image (trainingData/311068.jpg)\n",
      " Processing 79/200 image (trainingData/239096.jpg)\n",
      " Processing 80/200 image (trainingData/187071.jpg)\n",
      " Processing 81/200 image (trainingData/16052.jpg)\n",
      " Processing 82/200 image (trainingData/94079.jpg)\n",
      " Processing 83/200 image (trainingData/311081.jpg)\n",
      " Processing 84/200 image (trainingData/118035.jpg)\n",
      " Processing 85/200 image (trainingData/130034.jpg)\n",
      " Processing 86/200 image (trainingData/138078.jpg)\n",
      " Processing 87/200 image (trainingData/35070.jpg)\n",
      " Processing 88/200 image (trainingData/35058.jpg)\n",
      " Processing 89/200 image (trainingData/260081.jpg)\n",
      " Processing 90/200 image (trainingData/246053.jpg)\n",
      " Processing 91/200 image (trainingData/26031.jpg)\n",
      " Processing 92/200 image (trainingData/67079.jpg)\n",
      " Processing 93/200 image (trainingData/164074.jpg)\n",
      " Processing 94/200 image (trainingData/95006.jpg)\n",
      " Processing 95/200 image (trainingData/27059.jpg)\n",
      " Processing 96/200 image (trainingData/66039.jpg)\n",
      " Processing 97/200 image (trainingData/112082.jpg)\n",
      " Processing 98/200 image (trainingData/140075.jpg)\n",
      " Processing 99/200 image (trainingData/106020.jpg)\n",
      " Processing 100/200 image (trainingData/97017.jpg)\n",
      " Processing 101/200 image (trainingData/302003.jpg)\n",
      " Processing 102/200 image (trainingData/118020.jpg)\n",
      " Processing 103/200 image (trainingData/365073.jpg)\n",
      " Processing 104/200 image (trainingData/178054.jpg)\n",
      " Processing 105/200 image (trainingData/216053.jpg)\n",
      " Processing 106/200 image (trainingData/268002.jpg)\n",
      " Processing 107/200 image (trainingData/368016.jpg)\n",
      " Processing 108/200 image (trainingData/117054.jpg)\n",
      " Processing 109/200 image (trainingData/277095.jpg)\n",
      " Processing 110/200 image (trainingData/274007.jpg)\n",
      " Processing 111/200 image (trainingData/385028.jpg)\n",
      " Processing 112/200 image (trainingData/48055.jpg)\n",
      " Processing 113/200 image (trainingData/286092.jpg)\n",
      " Processing 114/200 image (trainingData/23025.jpg)\n",
      " Processing 115/200 image (trainingData/24004.jpg)\n",
      " Processing 116/200 image (trainingData/323016.jpg)\n",
      " Processing 117/200 image (trainingData/271008.jpg)\n",
      " Processing 118/200 image (trainingData/376001.jpg)\n",
      " Processing 119/200 image (trainingData/187083.jpg)\n",
      " Processing 120/200 image (trainingData/161062.jpg)\n",
      " Processing 121/200 image (trainingData/188005.jpg)\n",
      " Processing 122/200 image (trainingData/100098.jpg)\n",
      " Processing 123/200 image (trainingData/135037.jpg)\n",
      " Processing 124/200 image (trainingData/309004.jpg)\n",
      " Processing 125/200 image (trainingData/169012.jpg)\n",
      " Processing 126/200 image (trainingData/231015.jpg)\n",
      " Processing 127/200 image (trainingData/166081.jpg)\n",
      " Processing 128/200 image (trainingData/271031.jpg)\n",
      " Processing 129/200 image (trainingData/216041.jpg)\n",
      " Processing 130/200 image (trainingData/181018.jpg)\n",
      " Processing 131/200 image (trainingData/163062.jpg)\n",
      " Processing 132/200 image (trainingData/35091.jpg)\n",
      " Processing 133/200 image (trainingData/198004.jpg)\n",
      " Processing 134/200 image (trainingData/196015.jpg)\n",
      " Processing 135/200 image (trainingData/172032.jpg)\n",
      " Processing 136/200 image (trainingData/12003.jpg)\n",
      " Processing 137/200 image (trainingData/147062.jpg)\n",
      " Processing 138/200 image (trainingData/105053.jpg)\n",
      " Processing 139/200 image (trainingData/43070.jpg)\n",
      " Processing 140/200 image (trainingData/65074.jpg)\n",
      " Processing 141/200 image (trainingData/78019.jpg)\n",
      " Processing 142/200 image (trainingData/140055.jpg)\n",
      " Processing 143/200 image (trainingData/100075.jpg)\n",
      " Processing 144/200 image (trainingData/113009.jpg)\n",
      " Processing 145/200 image (trainingData/155060.jpg)\n",
      " Processing 146/200 image (trainingData/60079.jpg)\n",
      " Processing 147/200 image (trainingData/23084.jpg)\n",
      " Processing 148/200 image (trainingData/249087.jpg)\n",
      " Processing 149/200 image (trainingData/183087.jpg)\n",
      " Processing 150/200 image (trainingData/45077.jpg)\n",
      " Processing 151/200 image (trainingData/22013.jpg)\n",
      " Processing 152/200 image (trainingData/209070.jpg)\n",
      " Processing 153/200 image (trainingData/55067.jpg)\n",
      " Processing 154/200 image (trainingData/245051.jpg)\n",
      " Processing 155/200 image (trainingData/239007.jpg)\n",
      " Processing 156/200 image (trainingData/176019.jpg)\n",
      " Processing 157/200 image (trainingData/8143.jpg)\n",
      " Processing 158/200 image (trainingData/103041.jpg)\n",
      " Processing 159/200 image (trainingData/145014.jpg)\n",
      " Processing 160/200 image (trainingData/113044.jpg)\n",
      " Processing 161/200 image (trainingData/374067.jpg)\n",
      " Processing 162/200 image (trainingData/41004.jpg)\n",
      " Processing 163/200 image (trainingData/109034.jpg)\n",
      " Processing 164/200 image (trainingData/35008.jpg)\n",
      " Processing 165/200 image (trainingData/246016.jpg)\n",
      " Processing 166/200 image (trainingData/135069.jpg)\n",
      " Processing 167/200 image (trainingData/225017.jpg)\n",
      " Processing 168/200 image (trainingData/361084.jpg)\n",
      " Processing 169/200 image (trainingData/61060.jpg)\n",
      " Processing 170/200 image (trainingData/253036.jpg)\n",
      " Processing 171/200 image (trainingData/65010.jpg)\n",
      " Processing 172/200 image (trainingData/105019.jpg)\n",
      " Processing 173/200 image (trainingData/90076.jpg)\n",
      " Processing 174/200 image (trainingData/42078.jpg)\n",
      " Processing 175/200 image (trainingData/42044.jpg)\n",
      " Processing 176/200 image (trainingData/156079.jpg)\n",
      " Processing 177/200 image (trainingData/188063.jpg)\n",
      " Processing 178/200 image (trainingData/126039.jpg)\n",
      " Processing 179/200 image (trainingData/28075.jpg)\n",
      " Processing 180/200 image (trainingData/55075.jpg)\n",
      " Processing 181/200 image (trainingData/122048.jpg)\n",
      " Processing 182/200 image (trainingData/163014.jpg)\n",
      " Processing 183/200 image (trainingData/181091.jpg)\n",
      " Processing 184/200 image (trainingData/170054.jpg)\n",
      " Processing 185/200 image (trainingData/301007.jpg)\n",
      " Processing 186/200 image (trainingData/12074.jpg)\n",
      " Processing 187/200 image (trainingData/247085.jpg)\n",
      " Processing 188/200 image (trainingData/293029.jpg)\n",
      " Processing 189/200 image (trainingData/176035.jpg)\n",
      " Processing 190/200 image (trainingData/80099.jpg)\n",
      " Processing 191/200 image (trainingData/159029.jpg)\n",
      " Processing 192/200 image (trainingData/24063.jpg)\n",
      " Processing 193/200 image (trainingData/183055.jpg)\n",
      " Processing 194/200 image (trainingData/2092.jpg)\n",
      " Processing 195/200 image (trainingData/181079.jpg)\n",
      " Processing 196/200 image (trainingData/92059.jpg)\n",
      " Processing 197/200 image (trainingData/108073.jpg)\n",
      " Processing 198/200 image (trainingData/153077.jpg)\n",
      " Processing 199/200 image (trainingData/23080.jpg)\n",
      " Processing 200/200 image (trainingData/365025.jpg)\n",
      "9785.323970079422\n"
     ]
    }
   ],
   "source": [
    "print('Begin to process images:')\n",
    "start = time.time()\n",
    "imagecount = 1\n",
    "for image in filelist:\n",
    "    print('\\r', end='')\n",
    "    print('' * 60, end='')\n",
    "    print('\\r Processing ' + str(imagecount) +'/' + str(len(filelist))+ ' image ('   + image + ')')\n",
    "    \n",
    "    im_uint8 = cv2.imread(image)\n",
    "    if is_greyimage(im_uint8):\n",
    "        im_uint8 = im_uint8[:,:,0]\n",
    "    if len(im_uint8.shape)>2:\n",
    "        im_ycbcr = BGR2YCbCr(im_uint8)\n",
    "        im = im_ycbcr[:,:,0]\n",
    "    else:\n",
    "        im = im_uint8\n",
    "    im = modcrop(im,R)\n",
    "    im_LR = Prepare(im,patchSize,R)\n",
    "    im_HR = im2double(im)\n",
    "    #im_HR = Dog1(im_HR)                # optional: sharpen the image\n",
    "    im_GX,im_GY = np.gradient(im_LR)\n",
    "    Q, V, mark = TrainProcessSMC(im_LR, im_HR, im_GX, im_GY,patchSize, w, Qangle, Qstrength,Qcoherence, stre, cohe, R, Q, V, mark)  # get Q, V of each patch\n",
    "    imagecount += 1\n",
    "end = time.time()\n",
    "print(end - start)"
   ]
  },
  {
   "cell_type": "code",
   "execution_count": 6,
   "metadata": {},
   "outputs": [
    {
     "name": "stdout",
     "output_type": "stream",
     "text": [
      " Using patch symmetry for nearly 8* more learning examples: \n"
     ]
    }
   ],
   "source": [
    "# optional: Using patch symmetry for nearly 8* more learning examples\n",
    "print('\\r', end='')\n",
    "print(' ' * 60, end='')\n",
    "print('\\r Using patch symmetry for nearly 8* more learning examples:')\n",
    "for i in range(Qangle):\n",
    "    for j in range(Qstrength*Qcoherence):\n",
    "        for r in range(R*R):\n",
    "            for t in range(1,8):\n",
    "                t1 = t % 4\n",
    "                t2 = floor(t / 4)\n",
    "                Q1 = Getfromsymmetry1(Q[r, i * Qstrength * Qcoherence + j], patchSize, t1, t2)  # Rotate 90*t1 degree or flip t2\n",
    "                V1 = Getfromsymmetry2(V[r, i * Qstrength * Qcoherence + j], patchSize, t1, t2)\n",
    "                i1 = Qangle*t1/2 + i\n",
    "                i1 = np.int(i1)\n",
    "                if t2 == 1:\n",
    "                    i1 = Qangle -1 - i1\n",
    "                while i1 >= Qangle:\n",
    "                    i1 = i1 - Qangle\n",
    "                while i1 < 0:\n",
    "                    i1 = i1 + Qangle\n",
    "                Q[r, i1 * Qstrength * Qcoherence + j] += Q1\n",
    "                V[r, i1 * Qstrength * Qcoherence + j] += V1"
   ]
  },
  {
   "cell_type": "markdown",
   "metadata": {},
   "source": [
    "# Concurrent trainning mode"
   ]
  },
  {
   "cell_type": "code",
   "execution_count": 5,
   "metadata": {},
   "outputs": [],
   "source": [
    "def ConcurenrtTrainprocessSMC(i):\n",
    "    if (i < iteration - 1):\n",
    "        offset_i = offset[i * batch:i * batch + batch]\n",
    "        offset2_i = offset2[i * batch:i * batch + batch]\n",
    "        grid = np.tile(gridon[..., None], [1, 1, batch]) + np.tile(offset_i, [patchSize, patchSize, 1])\n",
    "    else:\n",
    "        offset_i = offset[i * batch:im.size]\n",
    "        offset2_i = offset2[i * batch:im.size]\n",
    "        grid = np.tile(gridon[..., None], [1, 1, im.size - (iteration - 1) * batch]) + np.tile(offset_i,[patchSize, patchSize,1])\n",
    "    f = im_LR.ravel()[grid]\n",
    "    gx = im_GX.ravel()[grid]\n",
    "    gy = im_GY.ravel()[grid]\n",
    "    gx = gx.reshape((1, patchSize * patchSize, gx.shape[2]))\n",
    "    gy = gy.reshape((1, patchSize * patchSize, gy.shape[2]))\n",
    "    G = np.vstack((gx, gy))\n",
    "    g1 = np.transpose(G, (2, 0, 1))\n",
    "    g2 = np.transpose(G, (2, 1, 0))\n",
    "    x = Gaussian_Mul(g1, g2, wGaussian)\n",
    "    w, v = np.linalg.eig(x)\n",
    "    idx = (-w).argsort()\n",
    "    w = w[np.arange(np.shape(w)[0])[:, np.newaxis], idx]\n",
    "    v = v[np.arange(np.shape(v)[0])[:, np.newaxis, np.newaxis], np.arange(np.shape(v)[1])[np.newaxis, :, np.newaxis], idx[:,np.newaxis,:]]\n",
    "    thelta = np.arctan(v[:, 1, 0] / v[:, 0, 0])\n",
    "    thelta[thelta < 0] = thelta[thelta < 0] + pi\n",
    "    thelta = np.floor(thelta / (pi / Qangle))\n",
    "    thelta[thelta > Qangle - 1] = Qangle - 1\n",
    "    thelta[thelta < 0] = 0\n",
    "    lamda = w[:, 0]\n",
    "    u = (np.sqrt(w[:, 0]) - np.sqrt(w[:, 1])) / (np.sqrt(w[:, 0]) + np.sqrt(w[:, 1]) + 0.00000000000000001)\n",
    "    lamda = np.searchsorted(stre, lamda)\n",
    "    u = np.searchsorted(cohe, u)\n",
    "    j = thelta * Qstrength * Qcoherence + lamda * Qcoherence + u\n",
    "    j = j.astype('int')\n",
    "    \n",
    "    f_vec = np.reshape(f, (patchSize * patchSize, -1)) - mean\n",
    "    f_vec_reduced = np.dot(pca_matrix, f_vec)\n",
    "    t = kmeans.predict(f_vec_reduced.reshape(-1, 1))\n",
    "    \n",
    "    f = f.reshape(-1, patchSize*patchSize)\n",
    "    A = np.dot(f.T, f)\n",
    "        \n",
    "    Ql = np.zeros((R*R, Qangle*Qstrength*Qcoherence, patchSize*patchSize, patchSize*patchSize))  # Eq.4\n",
    "    Vl = np.zeros((R*R, Qangle*Qstrength*Qcoherence, patchSize*patchSize))                       # Eq.5\n",
    "        \n",
    "    Ql[t,j] += A\n",
    "    im_HR_f = im_HR.ravel()[grid].reshape(patchSize*patchSize, -1)\n",
    "    b1 = f.T * im_HR_f\n",
    "    b = b1.reshape(-1, patchSize*patchSize)\n",
    "    Vl[t,j] += b\n",
    "#     mark[t,j] = mark[t,j]+1\n",
    "    \n",
    "    return Ql, Vl"
   ]
  },
  {
   "cell_type": "code",
   "execution_count": null,
   "metadata": {},
   "outputs": [],
   "source": []
  },
  {
   "cell_type": "code",
   "execution_count": 6,
   "metadata": {},
   "outputs": [
    {
     "name": "stdout",
     "output_type": "stream",
     "text": [
      "Begin to process images:\n",
      " Processing 1/4 image (trainingDataSmall/153093.jpg)\n",
      "Con out\n",
      "29.007375955581665\n",
      " Processing 2/4 image (trainingDataSmall/169012.jpg)\n",
      "Con out\n",
      "48.211426734924316\n",
      " Processing 3/4 image (trainingDataSmall/176019.jpg)\n",
      "Con out\n",
      "44.54947304725647\n",
      " Processing 4/4 image (trainingDataSmall/181079.jpg)\n",
      "Con out\n",
      "39.375470876693726\n"
     ]
    }
   ],
   "source": [
    "# 并发方式\n",
    "warnings.filterwarnings('ignore')\n",
    "print('Begin to process images:')\n",
    "imagecount = 1\n",
    "wGaussian = Gaussian2d([patchSize, patchSize], 2)\n",
    "wGaussian = wGaussian/wGaussian.max()\n",
    "wGaussian = np.diag(wGaussian.ravel())\n",
    "for image in filelist:\n",
    "    print('\\r', end='')\n",
    "    print('' * 60, end='')\n",
    "    print('\\r Processing ' + str(imagecount) +'/' + str(len(filelist))+ ' image ('   + image + ')')\n",
    "    start = time.time()\n",
    "    im_uint8 = cv2.imread(image)\n",
    "    if is_greyimage(im_uint8):\n",
    "        im_uint8 = im_uint8[:,:,0]\n",
    "    if len(im_uint8.shape)>2:\n",
    "        im_ycbcr = BGR2YCbCr(im_uint8)\n",
    "        im = im_ycbcr[:,:,0]\n",
    "    else:\n",
    "        im = im_uint8\n",
    "    im = modcrop(im,R)\n",
    "    H, W = im.shape\n",
    "    im_LR = Prepare(im,patchSize,R)\n",
    "    im_HR = im2double(im)\n",
    "    #im_HR = Dog1(im_HR)                # optional: sharpen the image\n",
    "    im_GX,im_GY = np.gradient(im_LR)\n",
    "    index = np.array(range(im_LR.size)).reshape(im_LR.shape)\n",
    "    offset = np.array(index[0:H, 0:W].ravel())\n",
    "    offset2 = np.array(range(im.size))\n",
    "    gridon = index[0:patchSize, 0:patchSize]\n",
    "    batch = 2000\n",
    "    iteration = ceil(im.size / batch + 0.000000000000001)\n",
    "    i = range(iteration - 5)\n",
    "    p = Pool()\n",
    "    ret = p.map(ConcurenrtTrainprocessSMC, i)\n",
    "    print('Con out')\n",
    "    \n",
    "    for i in range(iteration - 5):\n",
    "        Q += np.array(ret[i][0])\n",
    "        V += np.array(ret[i][1])\n",
    "    end = time.time()\n",
    "    print(end - start)\n",
    "    \n",
    "#     Q, V, mark = TrainProcessSMC(im_LR, im_HR, im_GX, im_GY,patchSize, w, Qangle, Qstrength,Qcoherence, stre, cohe, R, Q, V, mark)  # get Q, V of each patch\n",
    "    imagecount += 1"
   ]
  },
  {
   "cell_type": "code",
   "execution_count": 39,
   "metadata": {},
   "outputs": [
    {
     "data": {
      "text/plain": [
       "(4, 216, 121)"
      ]
     },
     "execution_count": 39,
     "metadata": {},
     "output_type": "execute_result"
    }
   ],
   "source": [
    "# np.sum(kmeans.labels_==0)/kmeans.labels_.shape[0]\n",
    "array = np.array(ret[5][1])\n",
    "array.shape"
   ]
  },
  {
   "cell_type": "code",
   "execution_count": 7,
   "metadata": {},
   "outputs": [
    {
     "name": "stdout",
     "output_type": "stream",
     "text": [
      "Get the filter of RAISR:\n",
      "Type: 0\n",
      "Type: 1\n",
      "Type: 2\n"
     ]
    },
    {
     "name": "stderr",
     "output_type": "stream",
     "text": [
      "/usr/local/anaconda3/lib/python3.7/site-packages/numpy/linalg/linalg.py:2093: RuntimeWarning: overflow encountered in det\n",
      "  r = _umath_linalg.det(a, signature=signature)\n"
     ]
    },
    {
     "name": "stdout",
     "output_type": "stream",
     "text": [
      "Type: 3\n",
      "Type: 4\n",
      "Type: 5\n",
      "Type: 6\n",
      "Type: 7\n",
      "Type: 8\n",
      "Saving...\n",
      "Finished.                                                   \n"
     ]
    }
   ],
   "source": [
    "print('Get the filter of RAISR:')\n",
    "for t in range(R*R):\n",
    "    print('\\rType: '+str(t))\n",
    "    for j in range(Qangle*Qstrength*Qcoherence):\n",
    "        while(True):\n",
    "            if(Q[t,j].sum()<100):\n",
    "                break\n",
    "            if(np.linalg.det(Q[t,j])<1):\n",
    "                Q[t,j] = Q[t,j] + np.eye(patchSize*patchSize)* Q[t,j].sum()*0.000000005\n",
    "            else:\n",
    "                h[t,j] = np.linalg.inv(Q[t,j]).dot(V[t,j])         # Eq.2\n",
    "                break\n",
    "\n",
    "                \n",
    "print('Saving...')\n",
    "with open(\"Filters/Ckmeans_filter\"+str(R), \"wb\") as fp:\n",
    "    pickle.dump(h, fp)\n",
    "\n",
    "with open(\"Filters/Ckmeans_Qfactor_str\"+str(R), \"wb\") as sp:\n",
    "    pickle.dump(stre, sp)\n",
    "\n",
    "with open(\"Filters/Ckmeans_Qfactor_coh\"+str(R), \"wb\") as cp:\n",
    "    pickle.dump(cohe, cp)\n",
    "\n",
    "\n",
    "print('\\r', end='')\n",
    "print(' ' * 60, end='')\n",
    "print('\\rFinished.')"
   ]
  },
  {
   "cell_type": "code",
   "execution_count": 8,
   "metadata": {},
   "outputs": [
    {
     "name": "stdout",
     "output_type": "stream",
     "text": [
      "[[[[ 5648835.38434242  5645236.33128634  5641376.31066372 ...\n",
      "     5629358.96675032  5630151.76793448  5631359.79393983]\n",
      "   [ 5645236.33128634  5644013.02109747  5641364.44573461 ...\n",
      "     5628141.33210211  5628947.74678882  5630149.81537777]\n",
      "   [ 5641376.31066372  5641364.44573461  5640792.19197018 ...\n",
      "     5627323.07909169  5628139.89117938  5629355.54729626]\n",
      "   ...\n",
      "   [ 5629358.96675032  5628141.33210211  5627323.07909169 ...\n",
      "     5640839.31861377  5641410.05646895  5641419.83261681]\n",
      "   [ 5630151.76793448  5628947.74678882  5628139.89117938 ...\n",
      "     5641410.05646895  5644056.86643388  5645277.84693416]\n",
      "   [ 5631359.79393983  5630149.81537777  5629355.54729626 ...\n",
      "     5641419.83261681  5645277.84693416  5648873.91452312]]\n",
      "\n",
      "  [[ 6749254.57499163  6744915.3770526   6740762.77107051 ...\n",
      "     6716581.3056967   6717849.39753831  6719915.38772665]\n",
      "   [ 6744915.3770526   6742929.31942837  6739987.28468809 ...\n",
      "     6714546.41379353  6715804.60273629  6717847.42343604]\n",
      "   [ 6740762.77107051  6739987.28468809  6739067.2193592  ...\n",
      "     6713288.71449331  6714542.38254401  6716575.29533145]\n",
      "   ...\n",
      "   [ 6716581.3056967   6714546.41379353  6713288.71449331 ...\n",
      "     6739102.7197975   6740018.90168156  6740792.63581484]\n",
      "   [ 6717849.39753831  6715804.60273629  6714542.38254401 ...\n",
      "     6740018.90168156  6742956.75639876  6744940.87063199]\n",
      "   [ 6719915.38772665  6717847.42343604  6716575.29533145 ...\n",
      "     6740792.63581484  6744940.87063199  6749277.65405353]]\n",
      "\n",
      "  [[ 4946738.40964097  4943946.5177996   4941527.37620801 ...\n",
      "     4899971.64716614  4900970.40836569  4902536.68811961]\n",
      "   [ 4943946.5177996   4942257.00110581  4940363.12462773 ...\n",
      "     4898407.659669    4899403.76916535  4900967.93963828]\n",
      "   [ 4941527.37620801  4940363.12462773  4939387.31289355 ...\n",
      "     4897407.55552443  4898406.62020725  4899968.15553985]\n",
      "   ...\n",
      "   [ 4899971.64716614  4898407.659669    4897407.55552443 ...\n",
      "     4939174.88868747  4940149.82214407  4941311.78597348]\n",
      "   [ 4900970.40836569  4899403.76916535  4898406.62020725 ...\n",
      "     4940149.82214407  4942042.61832996  4943729.65010256]\n",
      "   [ 4902536.68811961  4900967.93963828  4899968.15553985 ...\n",
      "     4941311.78597348  4943729.65010256  4946518.6744622 ]]\n",
      "\n",
      "  ...\n",
      "\n",
      "  [[ 1073381.25204147  1058976.87301806  1035595.6502422  ...\n",
      "      954280.028589     959273.90920415   964451.26437524]\n",
      "   [ 1058976.87301806  1061132.44521332  1047570.09504035 ...\n",
      "      952213.49865436   955501.19329488   959273.90920415]\n",
      "   [ 1035595.6502422   1047570.09504035  1050500.28482885 ...\n",
      "      949300.94892733   952213.49865436   954280.028589  ]\n",
      "   ...\n",
      "   [  954280.028589     952213.49865436   949300.94892733 ...\n",
      "     1050500.28482885  1047570.09504035  1035595.6502422 ]\n",
      "   [  959273.90920415   955501.19329488   952213.49865436 ...\n",
      "     1047570.09504035  1061132.44521332  1058976.87301806]\n",
      "   [  964451.26437524   959273.90920415   954280.028589   ...\n",
      "     1035595.6502422   1058976.87301806  1073381.25204147]]\n",
      "\n",
      "  [[ 1999359.91737001  1987816.4159476   1970377.03240285 ...\n",
      "     1780358.5968781   1776816.59212607  1779329.50843517]\n",
      "   [ 1987816.4159476   1997043.91776988  1992945.08249124 ...\n",
      "     1777330.89185694  1773910.65836213  1776816.59212607]\n",
      "   [ 1970377.03240285  1992945.08249124  2009554.24481332 ...\n",
      "     1780689.66403686  1777330.89185694  1780358.5968781 ]\n",
      "   ...\n",
      "   [ 1780358.5968781   1777330.89185694  1780689.66403686 ...\n",
      "     2009554.24481332  1992945.08249124  1970377.03240285]\n",
      "   [ 1776816.59212607  1773910.65836213  1777330.89185694 ...\n",
      "     1992945.08249124  1997043.91776988  1987816.4159476 ]\n",
      "   [ 1779329.50843517  1776816.59212607  1780358.5968781  ...\n",
      "     1970377.03240285  1987816.4159476   1999359.91737001]]\n",
      "\n",
      "  [[ 5597134.22154396  5601397.06217617  5597423.56553633 ...\n",
      "     4614980.17373315  4607172.87806221  4604668.19223371]\n",
      "   [ 5601397.06217617  5630280.2556385   5642192.52792011 ...\n",
      "     4617124.15304889  4609404.44355245  4607172.87806221]\n",
      "   [ 5597423.56553633  5642192.52792011  5676589.4693255  ...\n",
      "     4624848.48347559  4617124.15304889  4614980.17373315]\n",
      "   ...\n",
      "   [ 4614980.17373315  4617124.15304889  4624848.48347559 ...\n",
      "     5676589.4693255   5642192.52792011  5597423.56553633]\n",
      "   [ 4607172.87806221  4609404.44355245  4617124.15304889 ...\n",
      "     5642192.52792011  5630280.2556385   5601397.06217617]\n",
      "   [ 4604668.19223371  4607172.87806221  4614980.17373315 ...\n",
      "     5597423.56553633  5601397.06217617  5597134.22154396]]]\n",
      "\n",
      "\n",
      " [[[13735047.88842616 13736969.44698069 13736927.02314381 ...\n",
